10068
101605
102384
102387
102389
102418
103361
103521
103775
103778
10620
10685
10751
10900
11550
12043
12050
12054
12248
12252
23372
27267
31249
32086
32566
40417
41003
41083
41086
41452
44781
44826
45087
45091
45134
45159
45166
45176
45194
45203
45219
45235
45238
45247
45271
45332
45354
45372
45378
45384
45415
45419
45420
45423
45443
45444
45448
45463
45503
45524
45575
45594
45600
45606
45612
45621
45623
45636
45638
45662
45667
45670
45671
45676
45689
45690
45691
45693
45694
45699
45717
45747
45749
45759
45767
45779
45780
45784
45790
45850
45908
45916
45922
45936
45940
45948
45949
45950
45961
45964
46002
46019
46029
46033
46037
46044
46084
46108
46117
46120
46134
46180
46197
46401
46427
46456
46481
46490
46598
46655
46825
46889
46922
46944
46966
46981
47021
47024
47088
47180
47182
47185
47187
47252
47278
47281
47315
47316
47388
47529
47570
47601
47613
47686
47701
47742
47747
47808
47926
48013
48023
48167
48243
48271
48379
48381
48413
48452
48467
48490
48519
48623
48700
48721
48859
48878
49038
49042
49062
49132
49133
49188
7263
7273
7304
7310
9277
9386
